-0.337753363 0.477334370
0.434243860 0.956335554
1.562385564 0.098935081
1.307373330 0.409178150
0.735704437 0.881940742
-0.679652489 -0.044557039
-0.554819436 0.392234166
1.155760899 0.534606726
-0.408157369 0.038877724
0.997144110 0.416404827
0.068908014 0.582741944
0.322559242 0.763231705
0.731363474 0.550236121
-0.188491363 0.670047711
0.902106537 0.704907936
1.318855791 0.089593733
-0.507925825 -0.095680496
0.124213492 0.805438132
0.084141611 0.687083349
0.296442100 0.841755841
1.124854518 0.291497943
-0.310227646 0.388543972
-0.462288835 -0.014408360
1.565761453 0.347355262
0.221954009 0.835069423
1.468804395 -0.090837681
-0.206025985 0.385484902
-0.256862145 0.550727842
-0.041569499 0.613526957
1.135486134 0.653023401
1.782109520 0.166300100
1.204819672 0.218020332
-0.411726478 0.201554871
1.541983788 -0.069482132
1.241207853 0.650490769
1.217084849 0.732956540
1.095636788 0.408376887
0.353105312 0.794033484
-0.392187957 0.135615809
0.267214953 0.636368501
1.021847477 0.824372115
0.538728332 0.895062661
0.462782730 0.767102035
0.295209486 0.799766692
-0.357026811 0.449642875
0.376816688 0.983210581
-0.353329606 -0.061104073
-0.216602884 0.764180183
-0.406939771 0.199763323
0.143571418 0.712470599
0.513317880 0.811558850
-0.610933806 -0.175223850
0.523652703 0.802685379
0.191544536 0.732944282
-0.517597485 -0.176103386
0.767366563 0.839156287
-0.272639124 -0.164895296
0.792452333 0.554474765
1.468946414 0.220868577
1.398497779 0.169229788
1.535727577 -0.173799586
-0.400542974 0.347138520
0.066485324 0.763461159
1.325796357 0.223388642
1.202972086 0.623204804
0.507440053 0.715913098
1.401238452 0.197689824
0.955173366 0.673228177
1.180159616 0.646513290
-0.342795872 0.369613406
-0.201098312 0.470563448
0.741230020 1.049636907
-0.746985674 -0.083582258
0.840430394 0.940652988
1.115385649 0.711390520
1.019762649 0.685309194
0.927196507 0.640879826
-0.074605253 0.642311683
1.249421552 0.368272976
-0.083185333 0.308682564
-0.058607433 0.439065222
0.302628737 0.589459112
-0.016419684 0.702773758
-0.554294394 -0.075927017
1.211518929 0.048123675
1.521366485 -0.028741211
1.286651575 0.040579235
0.903287436 0.805387837
-0.477443092 0.414662966
0.152675374 0.615821044
-0.130351409 0.617358718
0.254184752 0.907828805
-0.458443269 -0.218756092
-0.453968037 0.262578803
-0.548066242 0.401212919
-0.303706099 0.612411384
0.772124558 0.872226479
0.273686033 0.766728687
0.410388053 0.696058624
1.401842155 -0.222280715
-0.360721508 0.378050438
0.914863723 0.643022257
1.390046768 0.379539578
1.395256848 0.630161808
0.274144253 0.827810216
1.035739617 0.595769962
0.442422672 0.838292821
1.032297731 0.750907380
1.234726851 0.424159123
1.106112317 0.771355254
1.564236008 0.080794442
1.402187113 0.175017574
1.261652295 0.542215520
-0.494733819 0.407142731
-0.118469176 0.609269764
1.502125146 0.207564015
-0.380524448 0.137404318
-0.349893464 0.449053929
1.439042972 0.230934929
-0.270449518 0.480272320
1.567538466 -0.239727812
0.464294685 0.826453439
-0.418068036 0.216469711
0.651754749 0.966515194
0.836680357 0.837931472
1.022796511 0.924906266
1.356108987 0.372442034
0.227995776 0.766237150
-0.162517247 0.774055200
-0.231580255 0.599747394
1.117085729 0.719897437
-0.230021196 0.475488189
1.463476745 0.355232450
0.538833686 0.836199185
1.453092118 -0.190678761
-0.446413943 0.417712946
0.565606891 0.708660517
-0.340245206 0.259893137
0.860734177 0.777279071
1.463623716 -0.120595368
1.161348589 0.678196869
-0.623304907 -0.069967829
-0.506546017 -0.171813848
-0.225346673 0.605081103
0.300397877 0.846554861
0.346396277 0.857685243
-0.012101602 0.676816959
-0.615723889 0.075950708
1.078350838 0.781437090
-0.064161715 0.710967933
0.574022738 0.809348247
0.826437229 0.783538642
1.344835220 0.573183493
1.239589972 0.364052345
1.079910435 0.630905303
0.789393981 0.954947566
0.341723155 0.914435230
0.131327625 0.820410597
0.967675153 0.686334134
1.605929827 0.152215426
1.072198349 0.902667934
1.133443401 0.728337768
0.922628746 0.913070870
0.140463577 0.782146914
-0.399396286 0.169456800
1.379653885 0.119637093
0.175424165 0.782425662
1.143554908 0.475738129
1.433659082 0.231240987
0.081359097 0.856548783
-0.543831565 -0.188957081
0.738714941 0.930280961
0.869251798 0.743305840
-0.446008816 0.258984864
-0.272193059 0.399281781
0.070735187 0.762624917
-0.186598845 0.676488596
-0.595141340 -0.035837176
0.416248239 0.776898357
0.307006022 0.838620192
-0.391734946 0.161585886
1.187276813 0.318188455
0.116460385 0.699436580
-0.377135536 0.379341461
1.295464999 0.427107351
-0.349438080 0.334066238
1.397640850 0.401092403
1.352033828 0.107686741
0.077369187 0.694345753
1.495510158 0.263413470
-0.180380500 0.940555585
1.197399512 0.663072055
-0.469900155 -0.210700959
1.270330070 0.700887219
-0.407375604 0.278529684
-0.228996321 0.538844127
0.407389314 0.684783012
1.303016158 0.425570828
-0.316551312 0.454423044
-0.458480672 0.069831539
0.254236060 -0.374571352
0.548919355 -0.073558326
0.256785125 -0.414059681
0.541337211 0.233145152
0.357114406 -0.113230940
-0.291490520 -0.912150264
-1.537546407 0.028572703
0.002386691 -0.631317759
-0.507743770 -0.803587363
-0.614693761 -0.787752853
-1.438757876 -0.300646780
-1.222107580 -0.357241853
0.177391975 -0.310337441
-0.295721963 -0.770627892
-1.283701668 -0.180512417
-0.484610631 -0.783698729
-0.804130298 -0.911606455
-0.614210576 -0.617085958
-1.550638310 0.210784811
-0.860296617 -0.649182887
0.588016343 -0.200549535
0.333569037 -0.193886542
-1.470381517 -0.033604944
0.380150467 -0.444778862
0.088061898 -0.672555097
-0.663547473 -0.956081162
-1.130416606 -0.587208014
0.129087532 -0.533428570
-1.008443869 -0.716534690
0.106623670 -0.737541133
-0.927834166 -0.610692338
0.671707954 -0.134646182
-1.353487185 -0.014548925
-1.172048474 -0.166751061
0.538739907 0.087516613
0.255695043 -0.224640327
-0.656626164 -0.917450087
0.234089792 -0.323901444
-1.141090544 -0.519953395
-0.180699162 -0.668521129
-1.103868593 -0.800196780
0.090133544 -0.773390869
-1.189394730 -0.746514539
-0.443905774 -0.866952949
-0.514716171 -0.896778854
-0.661779407 -0.950500835
-1.466684754 -0.359299876
-1.506784148 0.059154108
-1.092142835 -0.570687492
0.073668434 -0.539112691
-0.286586224 -0.922519311
0.613325128 -0.339898992
-1.477463390 0.006430244
-1.361333115 -0.123829683
-1.239642560 -0.424099475
-1.078241864 -0.837290871
-0.151559961 -0.710436235
-1.092229164 -0.514483811
0.410556332 -0.080456663
-1.318798351 -0.031476765
-1.242747822 -0.302713958
0.294926595 -0.240968826
0.611704567 0.039719931
-1.466995364 -0.117890297
0.267923918 -0.600711184
-0.408195496 -0.543189668
0.784025176 0.205043379
-1.220659776 -0.636597443
0.379697879 -0.177253037
-1.305928650 -0.340611208
0.114139755 -0.550961203
-1.391616813 0.052676902
0.371739000 -0.444178347
0.087567829 -0.832085096
-1.547327826 -0.262401800
0.027098170 -0.608488508
0.270726475 -0.345317871
0.526676302 -0.065490738
-1.521477155 -0.407361146
-1.301649012 -0.386064875
-0.851951673 -0.752417619
-0.083916828 -0.604757744
-1.202345989 -0.262452903
-0.260919456 -1.053759177
-1.558496737 -0.002487419
0.542798636 -0.191307806
-1.125777315 -0.688144971
0.427417167 0.012790599
-0.497057263 -0.787179802
-1.026144345 -0.373956100
0.110622107 -0.496575478
-0.790336248 -0.761740758
-1.525213709 -0.063799404
-1.309312106 -0.472135842
0.372673218 -0.008581464
-0.691561516 -0.896617171
0.418923021 -0.153104582
-1.408388414 -0.390893320
-0.656188292 -0.692334881
-1.279484561 -0.065080285
-1.095766671 -0.749114546
-0.569444100 -0.969077975
0.334457409 0.094876467
0.484666543 0.065767955
-0.928913980 -0.678631554
0.362059643 -0.458322499
-0.301332272 -0.898533276
-0.934250383 -0.717014402
0.036432891 -0.703735013
-0.834492065 -0.940417886
-1.302184642 -0.609376283
-1.397307181 -0.138875795
-1.438528049 -0.393448595
0.310194127 -0.354033676
-1.526816390 0.069009453
-1.041720669 -0.965614535
0.472201177 -0.136541955
-1.378632828 -0.489040688
-1.535466081 -0.104049510
0.619047362 0.097373731
0.423288142 -0.482954252
-1.036733753 -0.657257734
-0.548852572 -0.752795708
-1.616143089 -0.164009527
-0.798641418 -0.619000930
-0.526702735 -0.809305845
-0.799001143 -0.848607255
0.499739708 -0.023748625
-0.915427601 -0.753966581
-1.375830349 0.190409814
-0.679856740 -0.828565699
-0.549570555 -0.941239486
-0.610646302 -0.732904733
-1.497693587 -0.201024567
-1.148108733 -0.548269293
-0.522562262 -0.819342972
-0.101328497 -0.710040743
0.232495026 -0.459916155
0.475800710 -0.513286631
-0.499480940 -0.982065283
-1.385679728 0.220632086
-0.981219856 -0.526422368
-0.938753046 -0.609417743
-0.152215546 -0.776011975
-0.122028855 -0.836579361
-1.446189935 -0.206642257
-1.020334290 -0.742916680
-0.339097476 -0.954644117
0.465135214 -0.268223830
-1.050193973 -0.557499585
-1.158143319 -0.440436625
-1.188310748 -0.422329409
-1.343454725 -0.311063208
-0.801757172 -0.744606845
-1.197804844 -0.513570738
0.602579086 -0.019447578
-0.408599198 -0.979485201
-1.418332539 -0.366151761
0.273425107 -0.601563651
0.450829983 -0.222560886
-0.784626400 -0.666928092
0.274789935 -0.424580849
-0.879742394 -0.932125595
0.482491786 -0.051679619
-0.506850720 -0.842125389
-1.184788386 -0.204269971
-1.584827304 -0.155335686
-0.157685420 -0.704730785
0.459568331 -0.264450393
0.296430205 -0.629978675
-0.919392677 -0.839149679
0.269820039 -0.425258494
0.566267309 0.089520797
-1.456223701 -0.246775802
-0.350767706 -0.850569272
-0.304627377 -0.876242847
-0.355938495 -1.067011175
-0.463826478 -0.939554375
-0.429483518 -0.683802598
-1.156044265 -0.648810991
0.396030916 0.150623468
-1.413117113 -0.298905424
-1.097715182 -0.731001900
-0.211712063 -0.763224966
-0.943362355 -0.746423412
-1.335171685 -0.091270173
-1.346549890 0.229380641
-0.090354402 -0.744061580
-0.871997146 -0.571012347
-0.990506640 -0.966048181
-1.114138568 -0.609677668
0.263232124 -0.478559296
-0.947778102 -0.687100666
-1.414227016 -0.069755467
-1.302990410 -0.295402716
-0.220070027 -0.701971213
0.285222493 -0.366880289
-1.167611873 -0.409816208
-0.268404101 -0.740782815
0.210779427 -0.639456041